0500276234
0631225609
0140140174
0520046951
0691024324
0674076133
0521557933
0674615816
0813334470
0674177649
0802841945
0226473244
0804712840
0804720118
9788942311750
0804713693
0674002741
0674306589
0631181776
1557290571
0760707650
0674569512
0415109124
0226167720
080184388X
0674166965
0691057524
0
0198203268
0262581086
0061319287
0060150912
0691052190
087474931X
0801852358
0226615995
0520080211
0195213602
0415907829
052155814X
0674400011
0674805518
0300030053
0195110528
0226531066
0674006763
0415105811
0333363574
0300047460
0521263093
0691028389
0674929764
0674885252
0226045609
